30,8,2,4,2,69.4,62.1,8,1,33.3,60,3,1,61,57.9,9,5,33,13,47.8,2,1,0,13,3,2,0
34.4,6,2,3,1,75.1,73,5,0,15.4,42.9,4,1,62,52.9,14,3,14,6,33.3,3,1,0,17,6,2,0
65.1,17,2,8,7,80.2,73.6,12,0,23.8,57.1,4,1,68,77.8,6,3,29,22,63.1,1,3,100,9,11,0,0
41.3,8,5,1,2,67.8,51.9,5,3,11.8,61.9,7,2,66,42.1,11,6,22,10,50,2,3,0,12,12,4,1
45.3,11,4,4,3,78,68.2,6,0,20.8,68.4,7,1,57,58.8,14,2,12,6,43.6,0,1,100,8,10,1,0
50.1,13,4,3,6,77.8,69.1,10,3,31.8,38.9,7,0,65,51.6,15,4,17,9,45.9,1,4,100,10,7,1,1
39.1,6,2,4,0,77,69.5,6,2,27.3,57.1,1,2,63,42.9,17,3,27,12,35.3,0,5,0,5,5,0,0
24,7,2,3,2,64.8,46.7,5,2,20,52.6,1,2,60,66.7,15,9,43,25,57.7,1,2,100,14,11,2,0
57,4,1,3,0,78.1,57.8,2,0,0,76.5,1,1,58,63.6,10,4,10,5,55.8,1,4,0,10,14,3,0
56.9,13,5,5,3,84.6,74.6,12,2,30.8,68.8,6,1,54,66.7,7,4,17,12,45.5,2,1,100,16,8,2,0
42.5,24,8,4,12,79.6,77.5,16,1,24,57.9,9,2,62,59.1,14,1,21,16,72,3,3,100,15,6,2,0
50.1,17,5,7,5,80.3,71.3,12,0,19,65.6,6,0,60,57.1,11,4,28,21,59.4,2,3,0,17,5,4,0
