70,16,1,10,5,84.8,67.3,11,1,24.1,57.1,12,0,65,65,7,1,12,6,52.2,1,2,0,3,11,0,0
49.8,12,3,7,2,77.4,56.9,7,1,12.5,56.5,5,3,75,55.2,15,2,20,8,36.1,2,4,0,14,9,0,0
50.9,10,2,4,4,79.2,67,8,1,42.9,60,4,5,48,53.8,11,2,38,16,45.7,3,1,100,6,11,0,0
55,15,6,5,4,80.4,67.9,14,3,7.1,50,4,2,66,59.1,14,4,25,13,41.7,3,1,0,9,10,1,0
58.3,9,3,4,2,79.2,69.9,5,2,4.2,52.2,9,2,59,56.7,10,0,11,5,59.3,1,4,0,14,14,2,0
44.2,16,7,6,3,75.3,68.5,11,0,5.3,64.7,8,3,72,60.9,12,1,24,12,44.4,1,3,100,16,13,1,0
68.9,13,5,5,3,89.1,81.7,11,2,17.9,37.5,9,0,59,54.2,15,0,8,5,40.9,1,0,100,12,9,1,0
49.3,2,1,1,0,74.3,59.4,2,1,5.3,52,6,2,81,62.5,19,4,27,13,60.7,2,6,100,17,8,4,0
64.5,19,3,9,7,83.8,79.3,15,0,27.3,43.8,9,2,42,59.1,11,6,20,9,48.9,3,3,100,4,10,0,0
72.6,25,15,5,5,86.2,85.4,16,5,23.1,63.2,7,0,77,57.7,5,1,8,6,50,1,3,100,12,3,0,0
55.8,14,5,7,2,81.9,69.5,12,1,35,40,6,1,57,68.2,8,4,24,11,48.6,2,3,100,16,13,2,0
50.2,19,7,9,3,87.7,78.5,15,2,43.8,52.9,5,1,52,47.4,11,3,19,5,69.2,1,1,0,10,10,1,0
