38.1,9,2,4,3,75.9,61.1,7,0,6.7,61.1,5,1,74,65.4,20,2,17,6,60,0,1,100,12,7,1,0
36.7,12,4,7,1,80.7,65.4,9,2,28.6,53.8,5,1,57,71.4,11,4,13,8,39.1,0,5,0,11,9,3,0
19.8,8,3,2,3,74.7,72.4,7,1,25,33.3,6,4,45,66.7,11,6,54,24,61.5,3,2,100,5,10,2,0
48.8,13,5,3,5,76.7,68.3,10,2,21.7,68.4,6,6,59,27.3,12,4,14,5,42.9,2,3,0,5,11,2,0
24.7,8,1,4,3,72.7,58,6,0,60,52.9,1,8,61,55,11,4,33,16,34.2,4,5,0,4,5,0,0
28.7,11,4,5,2,69.6,65.4,11,2,26.3,64.7,5,0,59,61.1,11,6,22,9,51.4,1,2,100,12,8,2,0
31.1,3,0,3,0,76.8,62.3,2,0,25,56.3,0,1,53,64.7,12,3,24,14,59.1,4,1,0,9,11,1,1
31.9,12,2,5,5,72.6,57.7,11,1,33.3,64.7,4,1,54,83.3,14,3,17,10,56.1,1,3,100,12,9,3,0
28.9,5,0,4,1,66.7,65.3,4,1,50,35,0,1,59,58.3,6,5,31,11,43.9,2,6,100,12,9,1,0
43.1,13,2,7,4,78.3,65.1,10,1,36.4,65,3,1,51,69.2,5,3,28,13,54.5,2,4,0,8,15,2,1
30.5,12,9,3,0,67.2,59.5,8,4,9.1,66.7,3,4,65,66.7,10,4,40,22,52.6,4,4,100,7,10,1,0
33.7,21,9,5,7,69.5,56.1,10,1,17.6,58.8,5,4,61,41.2,8,5,30,17,55.8,2,2,100,10,5,2,0
