48.2,11,3,4,4,78.5,61,5,0,28.6,60,5,0,49,33.3,12,0,10,7,42.4,3,1,0,15,11,0,0
55.9,8,2,4,2,72.2,61.4,6,2,30,47.1,7,1,47,55.9,9,4,13,6,49.1,0,1,0,11,11,3,0
54.9,23,3,10,10,83.9,72.6,22,3,23.1,61.5,8,1,61,70.6,11,2,12,4,48.5,1,7,100,12,11,1,0
51.2,13,3,5,5,77.1,57.9,8,0,30.8,63.6,5,0,62,64.3,12,5,24,8,57.1,1,4,100,11,5,3,0
52.4,31,10,15,6,88.6,84.8,23,2,22.7,72.7,7,1,63,52.9,10,1,15,5,66.7,0,2,0,14,4,3,0
31.3,5,4,0,1,78.9,45.7,4,0,0,38.9,4,2,47,41.7,12,4,20,9,26.7,1,3,100,9,5,2,0
60.9,14,5,6,3,84.4,70.3,11,0,20,50,6,1,60,66.7,5,0,7,3,64.7,0,1,0,6,5,1,0
39.5,8,2,4,2,70,68.3,7,3,15,52.6,7,2,65,41.2,9,2,34,18,51,3,3,0,7,6,0,0
30.6,7,2,2,3,65.8,49.3,4,1,40,87.5,2,1,65,60,14,6,52,28,52.9,3,1,50,9,5,3,0
40.2,7,3,3,1,75.1,65.7,3,0,5.3,56.3,5,5,64,65,12,7,23,11,44.4,3,5,100,14,6,5,0
32.8,12,3,5,4,78.3,65.3,11,1,35.3,55.6,2,0,69,37.5,8,4,20,6,47.8,0,8,0,8,5,4,0
34.2,12,2,6,4,73.4,66.3,8,1,33.3,63.6,4,0,79,52,15,5,36,14,55.6,2,5,0,13,7,2,1
