42.9,5,3,2,0,80.6,67.8,2,1,8.3,66.7,1,2,57,55.6,9,2,9,2,51.4,1,4,0,6,13,2,0
42.7,8,3,4,1,73.2,58.2,7,2,7.1,82.6,6,4,66,68.2,15,3,14,6,31.1,1,3,0,10,11,2,0
45.1,16,10,4,2,79.3,72.6,14,3,42.9,66.7,7,2,62,64.7,11,10,24,12,51.5,0,2,100,11,12,1,0
48.6,18,8,7,3,83.3,74.3,14,2,42.9,78.6,8,2,60,65.5,11,2,9,4,68,0,3,0,16,10,2,0
53.4,13,1,5,7,83.2,81.1,11,0,27.8,60,4,3,59,66.7,8,1,15,9,51.5,1,5,0,12,13,1,1
46.5,8,6,1,1,78.3,72.4,5,0,0,66.7,3,2,57,62.5,10,4,18,9,61.8,1,3,0,8,9,2,0
50.9,17,6,4,7,77.2,76.2,14,2,15,50,6,2,69,69.6,12,4,16,4,51,3,3,0,8,7,1,0
51.7,9,4,4,1,82.1,67.7,7,1,33.3,75,2,2,53,57.9,9,2,14,7,57.4,0,1,0,11,7,3,0
48.7,8,4,3,1,68.8,61.3,6,0,60,70.6,2,4,72,76.9,8,4,26,15,46.8,0,9,0,15,15,2,0
60.8,12,4,7,1,80,69.9,11,5,14.7,71.4,10,4,69,66.7,9,4,8,3,46.8,3,2,0,7,10,2,0
69.5,16,6,6,4,85.9,81.5,13,0,23.5,47.8,7,1,57,61.5,5,0,12,9,47.4,0,6,0,10,7,2,0
60,7,4,2,1,75.8,73.6,6,1,0,57.1,4,1,55,57.1,12,1,21,10,42.6,2,10,0,10,16,1,0
