53.8,18,7,7,4,84.5,75.7,15,0,21.1,54.2,5,0,61,42.9,15,4,11,4,40.9,3,1,0,13,15,4,0
50.2,14,5,7,2,79.1,72.4,11,1,35,52.6,4,3,71,56,10,1,23,9,63.9,2,2,100,9,14,1,0
53.4,23,8,5,10,84.2,77.1,20,2,27.8,87.5,8,0,69,69.2,11,0,9,2,58.6,0,3,0,9,8,1,0
62.3,13,5,5,3,87.2,76,9,2,21.4,76.2,3,2,57,43.8,14,1,15,8,46.5,3,2,0,6,11,0,0
54.7,15,6,7,2,85,75.7,11,4,28.6,75,5,1,65,70,17,3,28,15,56.4,2,3,100,11,8,2,0
55,13,2,8,3,80.1,72.5,11,2,23.1,77.8,6,7,68,53.3,15,1,10,3,52.6,0,1,100,8,13,3,0
52.6,24,10,4,10,85.7,75.9,18,5,25,40,5,1,57,50,13,3,15,8,50,0,1,100,5,11,2,0
56.7,13,7,4,2,74.8,63.4,11,4,22.2,20,5,0,77,63.2,14,2,19,12,56.4,2,1,0,15,7,1,0
71.1,16,8,4,4,87.1,77.8,12,3,18.5,77.8,11,1,56,52.2,8,1,16,11,56.1,0,0,100,9,12,2,0
63.3,16,7,2,7,85.2,84.1,12,0,25,66.7,6,0,68,38.5,11,3,20,14,43.2,2,3,0,8,7,2,0
67.2,16,10,2,4,89.5,78.4,12,2,30.8,70,6,0,66,50,13,4,17,7,52.2,1,2,0,5,8,2,0
60.6,23,5,10,8,87.1,79.8,15,3,22.7,68.4,7,0,53,47.4,10,1,9,4,54.3,1,1,0,9,17,3,0
