67.5,15,9,3,3,83.7,74.7,15,2,29.4,70,10,5,53,58.3,9,4,28,21,51.2,3,3,0,13,9,2,0
61.9,8,2,4,2,84.9,70.6,8,2,10,48,3,3,71,54.5,6,3,22,11,40,1,2,100,7,11,3,0
47.2,9,3,4,2,86.5,73.6,5,0,8.3,70,4,5,61,46.7,7,13,26,13,66.7,1,2,100,5,7,1,0
54.8,26,8,10,8,83.9,80.7,18,2,36,82.4,11,3,69,52.2,11,1,11,6,55.2,0,7,100,13,18,3,0
47.6,7,4,2,1,82.8,67.5,6,1,0,68.4,1,0,47,76.9,11,6,16,9,33.3,0,8,0,4,12,3,0
58.1,21,6,10,5,85.2,75.8,16,2,25,68.4,9,2,54,50,8,2,20,12,64.3,0,7,100,13,14,5,1
45.2,10,5,3,2,77.7,76.3,7,3,20,50,7,4,52,57.9,8,6,14,8,52.4,2,3,0,13,17,2,0
52.5,12,2,6,4,75.4,62.3,10,1,8.3,70.6,14,0,62,56.5,8,1,17,8,35,2,2,100,12,6,1,0
68.6,9,3,4,2,86.6,79.6,7,1,20,69,12,1,59,35.3,5,1,12,7,34.9,0,1,0,12,8,4,0
56.2,15,6,8,1,81.5,67.2,11,0,27.6,57.1,12,1,67,47.6,6,4,18,7,40.5,0,2,100,18,8,2,0
57.5,10,4,5,1,86.3,74.1,7,1,25,66.7,8,2,58,62.5,7,12,20,12,28,3,7,0,6,15,0,0
49.8,8,1,4,3,83.9,78.4,6,1,12.5,50,4,2,59,72.2,7,3,15,7,30.8,1,5,100,10,10,1,0
