35.4,6,2,0,4,60.1,49.1,5,1,7.1,66.7,6,4,58,66.7,10,5,21,12,62.5,4,2,0,16,12,2,0
57.5,6,4,0,2,78.7,62.9,4,0,16.7,50,4,1,43,71.4,13,5,25,13,54,1,2,100,11,16,1,0
28.7,5,3,1,1,61,46,2,1,14.3,75,1,0,39,52,16,6,26,10,39.5,1,2,0,18,7,4,0
52.8,22,5,10,7,84.3,71.3,16,1,33.3,35.7,13,2,53,50,7,4,21,11,50,3,2,0,15,15,2,0
35.9,11,6,2,3,77.3,68.8,9,0,40,88.9,3,0,56,73.3,18,1,15,8,42.9,0,2,0,11,19,3,0
49.9,13,4,5,4,78.7,61.7,7,1,33.3,68.8,6,1,64,37.5,14,6,18,10,54.1,1,3,100,7,10,2,0
44.6,15,3,6,6,80.2,75.3,12,0,23.8,73.3,5,2,65,55.6,8,4,13,6,57.7,1,3,0,14,10,3,0
48.3,7,4,1,2,80.8,64.9,5,2,33.3,72.2,2,4,65,60,9,1,18,7,42.6,1,4,0,7,9,2,0
28.7,7,2,3,2,75,62.6,5,0,12.5,84.6,1,3,52,53.8,22,3,26,13,38.2,3,9,0,8,10,1,0
43.8,10,4,2,4,77.4,65.7,8,1,28,53.3,5,1,63,78.6,9,1,26,15,59.5,4,4,0,9,18,0,0
44.2,12,3,5,4,78.4,68.3,5,0,5,65,5,2,59,68.4,9,2,12,5,51.4,2,3,0,15,16,2,0
39.4,3,1,1,1,76.9,57.5,3,1,14.3,66.7,0,0,53,68.4,11,8,21,8,45.7,3,3,0,17,9,2,0
