57.9,15,7,5,3,81.1,73.8,12,3,15.6,73.3,11,0,56,61.9,14,2,5,0,68.2,1,4,0,9,9,0,0
63.8,15,6,6,3,78.1,65.9,12,3,8.3,55.6,9,1,60,28.6,10,4,30,10,55.9,1,3,0,6,9,1,0
52.8,25,5,6,14,85.8,80.8,19,3,25.9,64.3,6,1,58,70.8,9,2,9,5,33.3,3,2,0,8,4,1,0
63.8,15,7,2,6,77.8,70.4,14,3,11.1,55.6,4,1,71,54.5,9,1,19,8,53.3,2,2,0,16,10,0,0
75.3,21,9,9,3,90.2,79.8,19,4,29.4,55.6,10,2,69,84.6,8,3,8,4,65.8,0,0,0,5,4,0,0
45,6,3,2,1,73,63,6,2,40,80,4,1,67,45.5,12,3,37,19,47.4,4,1,50,13,7,3,0
70.4,16,4,9,3,86,73.2,6,2,8.7,58.3,5,1,62,81.8,6,4,25,11,56.5,2,2,100,4,8,1,0
50.7,18,8,6,4,78.1,61.3,14,4,29.4,66.7,4,3,80,52.6,14,0,25,10,39.3,3,0,100,9,17,1,0
68,10,4,4,2,83.9,74.3,9,2,20,55.6,1,1,75,55.6,10,1,17,5,72.2,3,1,100,14,6,1,0
68,21,13,3,5,83.7,73.7,16,2,29.4,35.3,8,0,67,75,12,2,8,3,59,1,3,0,9,11,3,0
73.7,25,6,10,9,84.1,74.4,20,3,23.1,28.6,10,2,65,70.6,8,1,21,9,53.7,3,1,0,9,11,2,0
45,12,5,5,2,77.9,57,8,2,29.4,59.1,4,3,56,38.5,10,8,27,13,48.1,2,2,100,10,5,0,0
