53.5,11,3,5,3,63.4,49.6,5,1,50,54.5,7,1,57,71.4,10,1,18,6,48.9,0,1,0,12,6,0,0
36.2,14,3,7,4,64.9,46,8,4,26.3,90.9,5,4,59,53.3,10,2,27,14,44.1,3,4,50,10,4,2,0
49.3,12,4,5,3,75.2,54.5,10,3,57.1,68.8,5,0,62,63.2,4,3,22,12,38.5,2,3,0,10,9,3,0
41.4,10,2,5,3,73.6,62.7,7,1,15.8,37.5,2,0,67,60,19,4,25,14,40,1,7,0,17,6,1,1
51.8,11,7,3,1,77.7,55.8,9,4,15,76.9,6,1,65,50,9,4,28,16,55.6,5,4,0,7,10,1,0
64.8,25,6,11,8,77.4,69.8,18,0,25,72.7,4,1,62,66.7,9,2,13,3,45.8,3,0,0,8,8,1,0
58.6,14,6,6,2,86.3,79.3,10,0,20,42.9,6,1,57,50,11,1,12,7,48.6,1,2,0,16,5,2,0
43.3,10,3,6,1,68.8,51.5,6,0,9.1,50,3,1,76,39.1,9,2,12,3,43.6,0,3,0,8,15,0,0
43,14,5,5,4,74.8,53.7,10,0,33.3,60,3,2,64,44.4,13,0,19,12,44.2,0,0,100,17,9,2,0
27.4,6,3,2,1,63.6,49.3,4,0,14.3,73.1,2,1,66,60,17,5,18,6,50,2,6,0,3,11,0,1
24.7,3,3,0,0,61.8,56.9,2,0,25,75,0,0,54,55,11,13,76,33,57.1,4,2,66.7,10,9,1,0
47.3,4,3,1,0,71,49.3,2,0,9.1,52.9,5,2,54,40,6,9,24,9,48,3,3,0,12,11,1,0
