52.9,13,3,7,3,79.2,68.1,7,1,14.3,47.1,3,1,56,72.2,13,1,13,7,40,2,2,0,10,17,2,0
37.4,12,4,4,4,70.5,63.3,10,1,28.6,60,5,2,59,60,11,5,25,13,44,3,6,100,13,10,2,0
26.2,10,7,2,1,71.9,58.3,6,1,13.3,46.2,4,2,64,62.5,16,9,22,7,48.4,1,2,0,7,13,1,0
45,8,2,2,4,77.3,66.4,8,1,11.8,71.4,5,1,70,78.6,22,4,18,10,58.3,3,3,0,11,9,3,0
40.5,13,6,5,2,69,53.7,9,2,28.6,42.9,7,4,63,50,13,4,37,21,48.9,2,4,0,5,14,0,0
35.2,6,3,1,2,59.3,51.6,4,3,10,46.2,5,2,72,75,15,8,25,10,54.2,2,6,0,9,8,3,0
49.1,13,5,4,4,76.5,60.6,12,4,35.3,57.9,6,2,68,50,12,7,21,10,49,1,4,0,7,8,3,0
47.5,10,2,7,1,76.9,65.4,8,1,18.8,73.7,5,0,64,57.1,19,4,31,16,65,5,1,0,6,12,2,0
47.7,11,2,6,3,80.1,67.4,6,1,18.2,57.1,6,2,56,50,10,3,23,10,41.9,1,1,100,8,11,1,0
59.8,15,5,3,7,83.2,66,11,1,16,62.5,10,3,61,56.3,15,1,21,10,55.6,2,3,100,8,14,3,0
42.6,13,6,4,3,71.6,58.8,8,2,23.1,38.5,4,1,60,53.8,19,5,33,16,68.2,5,4,0,14,12,4,0
66.3,15,3,7,5,83.9,70.8,8,0,16,45.5,4,1,58,73.3,8,6,24,12,44.2,1,7,100,5,10,0,0
