29.9,7,4,2,1,78.1,73.1,7,1,25,50,0,0,49,44.8,9,11,39,21,54.5,7,3,100,9,13,0,0
62.6,21,7,9,5,82,72.8,17,2,32.3,90,11,5,58,85.7,9,4,15,5,56,3,2,0,10,13,0,0
35.2,7,3,2,2,72.8,65.3,7,2,14.3,64.7,0,8,61,50,13,4,25,12,36.4,3,1,100,10,17,2,0
47.2,10,2,3,5,83.1,69,7,0,21.4,91.7,2,0,42,68.4,15,6,30,14,50,2,4,0,16,15,4,1
46.6,10,5,4,1,80.6,69.8,8,2,23.5,57.9,2,3,64,47.4,12,7,14,9,48.5,4,1,0,13,12,2,0
41.9,14,9,3,2,81.3,75.8,11,3,12,71.4,4,0,51,45,12,5,21,8,35.7,1,3,100,15,13,1,0
60.2,16,3,7,6,77.9,74.6,14,1,11.1,50,7,2,52,35.7,9,3,13,3,47.5,4,1,0,10,16,1,0
42.4,22,12,7,3,77.7,71.5,15,3,17.6,28.6,6,1,60,56.3,11,7,34,14,58.3,3,4,0,17,13,3,0
48.9,24,8,8,8,84.1,77.1,17,2,22.6,80,7,1,63,33.3,11,7,16,7,34.6,0,4,0,9,17,1,0
36.9,11,5,2,4,80.1,67,5,0,16.7,62.5,7,2,44,50,13,9,27,9,34.6,2,6,0,5,10,1,0
26.3,4,2,1,1,58.4,45.9,3,1,15.4,35.7,2,3,62,65,13,8,47,21,46.3,4,4,0,12,8,1,0
49.9,13,4,5,4,79.7,63.1,7,0,14.8,70.8,3,1,55,65,9,5,15,8,40.6,6,3,0,8,15,3,0
