47.1,8,3,4,1,77.6,69.7,5,2,22.2,40,4,1,60,78.6,14,2,16,9,60,0,2,0,19,9,1,0
42.5,15,3,6,6,77.4,65.6,10,1,23.8,45,8,0,58,55,14,2,38,25,46,1,4,100,16,10,3,0
49.1,7,2,3,2,75.1,71.6,4,1,25,78.6,7,1,53,81.3,15,4,15,6,54.3,1,0,0,11,6,1,0
37.7,8,2,5,1,78.8,59.5,7,2,14.3,46.7,4,0,61,66.7,17,3,24,15,53.5,1,3,0,11,6,1,0
48.2,17,4,8,5,74.4,62.5,16,3,15.2,72.7,12,3,70,52.4,10,1,24,18,44.4,3,6,0,10,6,1,1
30.2,2,1,1,0,63.4,52.8,2,1,7.7,41.7,3,1,52,66.7,14,7,63,31,55.8,2,3,100,9,8,3,0
29.6,12,2,6,4,66,56.9,9,1,41.2,72.7,6,0,56,63.6,12,3,29,19,43.5,3,3,100,8,4,1,0
60.5,9,3,4,2,82.1,69.1,6,0,20,63.6,7,3,65,60,9,2,27,15,49,1,2,100,6,7,2,0
31.4,8,2,5,1,71.4,68,7,1,26.3,50,7,1,54,66.7,13,2,25,14,65.1,2,3,0,10,11,4,0
39.2,10,4,3,3,73.1,60.9,9,1,26.7,72.2,4,4,65,54.5,14,1,27,18,53.2,3,3,100,10,7,2,0
45.6,13,6,5,2,69.3,59.9,11,5,21.7,100,7,1,59,58.8,7,1,23,12,53.2,4,1,100,8,11,1,0
38.9,14,4,7,3,75.4,64.8,10,1,20,57.1,4,6,64,59.3,10,3,23,7,38.9,0,4,0,9,6,2,0
