64.6,10,3,3,4,80.2,65.8,7,0,17.6,35.7,2,0,62,50,14,4,18,8,37.5,1,2,0,14,16,1,1
44.1,12,2,6,4,67.3,53.2,9,1,27.3,65.5,4,3,63,80,6,2,35,22,50.9,0,2,0,11,10,2,0
64.8,12,1,7,4,80.7,74.3,10,2,12.5,86.7,6,1,58,68.8,5,2,7,3,63.6,1,1,0,18,10,3,0
58.7,15,6,3,6,80.7,67.7,12,2,36,56.3,7,1,70,70.8,7,2,37,23,50,1,3,100,12,12,1,0
59.5,14,5,5,4,76.4,61.3,9,2,18.2,62.5,7,0,70,50,13,2,10,7,51.1,1,3,0,14,4,4,0
69.8,16,3,6,7,83.3,75.4,11,2,16.7,60,12,1,60,50,4,0,11,6,44.2,2,0,0,9,8,1,0
37.2,12,8,3,1,82.1,71.7,10,3,26.3,70,5,2,55,57.9,11,4,8,3,59.3,1,5,0,4,8,2,0
59.2,11,2,4,5,76.9,63,9,2,12,41.7,9,1,66,88.9,7,2,15,8,53.2,3,2,100,12,5,1,1
51.3,19,10,5,4,74.4,65.2,12,2,20.8,47.4,11,9,75,75,12,1,9,4,53.2,0,4,0,15,14,2,0
44.7,10,6,2,2,80.4,65,7,2,18.2,40,5,2,65,41.2,16,1,13,5,61.1,0,2,0,12,12,1,0
47.3,7,3,3,1,74.9,66.9,6,1,28.6,84.2,5,1,54,46.2,6,1,8,1,47.1,0,1,100,9,8,1,0
52.7,24,5,9,10,72.4,65.9,17,3,30.8,76.5,9,0,57,66.7,10,0,21,10,52,0,2,0,12,12,1,0
