70.1,31,7,14,10,89.6,83.6,22,3,15.8,44,14,1,59,70.6,5,1,6,3,45.5,0,3,0,13,9,1,0
44.6,3,2,1,0,84,50,3,0,20,75,2,1,52,58.8,6,12,23,11,40,4,8,100,4,13,0,0
80.2,17,2,8,7,90.4,83.6,13,1,16.7,70.6,6,1,45,60,7,3,5,2,38.5,1,2,100,10,5,2,0
45.2,13,9,3,1,79.6,66.7,8,0,9.1,43.8,6,1,60,46.2,6,8,24,12,44.8,1,6,200,19,13,5,0
64.1,13,5,7,1,88,71.4,10,1,22.2,64.3,4,1,67,54.5,14,3,13,6,57.1,1,6,0,19,11,4,0
55.8,11,4,6,1,82.1,76.3,11,2,9.1,43.8,2,3,61,72.2,8,3,23,13,55.6,2,5,0,13,16,2,0
41.4,9,4,3,2,78.6,71.4,9,2,11.1,44,6,1,57,52.2,11,2,28,17,51.4,2,5,100,5,16,0,1
52.3,8,3,3,2,82.6,79.4,6,0,6.7,63.2,4,1,63,47.8,11,6,15,7,43.5,1,3,0,7,10,1,0
69.4,12,2,3,7,86.3,78.7,9,0,17.5,63.2,11,5,59,72.7,11,3,6,2,47.1,0,1,0,5,8,4,0
32,11,4,5,2,67.1,56.3,8,1,36.4,53.8,3,4,67,56.3,10,5,35,19,41,3,12,100,11,7,3,0
52.7,5,2,2,1,77.7,47.1,5,1,42.9,46.7,2,2,56,86.7,11,1,24,13,52.9,6,2,0,8,9,2,1
61.1,17,5,8,4,84.2,77.1,14,2,18.8,52,4,1,52,68.4,5,3,19,12,61.1,0,3,0,6,9,2,0
