46.5,10,4,4,2,55.1,34.7,7,1,42.9,93.3,2,5,60,57.1,14,3,13,7,51.1,1,3,0,6,11,0,0
32.5,18,5,9,4,64.5,55.8,12,1,36.7,40,7,1,51,68.8,6,3,25,11,48.8,2,7,0,11,11,1,0
34.9,13,4,6,3,66,50,9,1,31.6,50,3,1,60,58.3,11,7,27,16,36.9,2,2,100,11,9,2,0
36.2,7,2,4,1,60.7,45.5,6,1,15.4,60,6,5,70,71.4,11,6,21,6,46.7,0,5,0,10,15,0,0
37.5,7,1,6,0,62.7,56.5,6,0,11.1,41.7,6,2,48,76.5,11,2,24,6,48.1,2,4,50,7,13,2,0
41.4,13,6,2,5,76.2,65.4,12,3,36,53.8,7,2,62,71.4,10,3,15,7,50,1,2,100,11,9,0,0
39.8,10,3,4,3,63,44.8,8,3,50,36.4,3,0,47,53.8,9,6,16,13,52.5,3,1,0,16,10,4,0
40.8,9,3,4,2,65.7,43.7,7,0,38.9,50,7,5,63,66.7,18,5,22,15,46.8,2,2,0,5,12,2,0
35.5,13,4,3,6,71.9,63.9,8,2,21.1,35.7,4,3,42,80,13,7,22,12,51.1,4,1,0,10,4,3,0
36.7,13,5,5,3,73.3,58.6,11,3,10.5,73.3,5,1,83,56.3,13,7,16,6,56.8,1,3,100,7,7,3,0
54.4,6,0,5,1,74.3,60.4,3,0,13,28.6,6,0,65,80,4,2,17,10,46.8,3,3,100,12,8,2,0
40,14,12,1,1,69.6,56.5,10,4,33.3,56,11,7,67,28.6,8,1,21,14,57.4,3,4,100,17,10,2,0
