46.2,11,5,2,4,80.8,73,9,2,28.6,70,3,2,59,62.5,12,4,19,10,59.1,1,7,0,15,12,3,0
65.6,9,2,4,3,86.7,74.6,5,0,23.5,46.7,6,1,65,65.2,5,1,15,6,66.7,1,1,0,8,17,2,0
71.3,22,3,13,6,85.6,77.9,15,1,33.3,43.8,8,0,49,44.4,6,1,6,2,60.5,2,1,100,8,18,2,0
58.6,21,8,9,4,79.5,74.4,18,2,18.2,52.6,3,1,62,57.9,7,3,16,8,60,2,1,0,7,15,2,0
41.7,10,5,5,0,74.8,59.8,6,0,22.2,44.8,3,0,60,57.9,12,1,30,16,40.7,5,3,100,14,14,1,0
53.5,9,3,2,4,83.3,70.4,8,2,20,78.6,7,1,55,69.2,5,1,18,11,38.2,3,4,0,9,8,2,0
54.8,16,4,6,6,79.5,68.5,11,1,21.1,47.1,8,2,58,40,11,2,7,6,47.6,1,4,100,18,12,4,0
68.1,12,3,5,4,86.2,76.4,11,1,20,30,6,2,56,54.5,8,5,7,7,43.9,0,1,0,10,9,3,0
32,7,2,4,1,66.6,54.2,7,1,13.3,50,3,4,70,30,11,1,29,16,27.8,1,3,0,6,13,0,0
53.9,21,11,7,3,84.6,78.6,12,4,21.1,63.3,10,0,67,54.2,6,2,13,5,60,2,2,0,10,12,2,0
57.4,15,4,6,5,78.5,71.2,14,1,21.7,62.5,10,4,61,61.1,12,3,11,5,31.8,1,5,0,12,13,3,0
42.7,21,11,5,5,79.9,76.7,16,4,18.8,69.2,5,0,71,58.3,10,1,11,7,48,4,1,0,10,14,2,0
