42.1,12,5,5,2,76.6,73.9,10,1,50,62.5,2,5,49,66.7,11,3,35,23,31.8,5,4,100,9,9,2,0
63.3,15,8,3,4,87.7,76.8,14,3,26.7,73.3,7,2,58,78.6,5,1,23,12,60.9,0,3,100,9,11,1,0
46.6,6,5,1,0,81.3,66.7,5,1,28.6,25,1,0,65,43.8,11,10,29,9,41.4,1,5,0,9,7,1,0
51.4,8,3,3,2,86.6,72.5,5,2,21.4,70.4,2,3,61,71.4,7,4,15,5,32,3,5,0,10,15,1,0
31.4,7,3,3,1,74.2,63,6,3,33.3,47.1,3,1,56,75,16,10,50,24,36.7,4,6,100,8,7,3,0
58.6,11,2,6,3,82.8,79.5,8,0,10,66.7,3,0,67,63.2,5,4,19,11,50,3,4,100,10,11,1,0
55.4,10,3,2,5,83.6,74.8,9,1,23.1,52.4,5,1,59,29.4,13,5,22,7,42.3,3,1,100,10,14,1,0
57.6,21,5,8,8,81.1,70.6,12,0,5,70.8,10,0,57,70,7,3,20,10,41.7,0,7,0,14,17,1,0
52.3,10,1,6,3,80.6,71.1,10,0,21.4,55.6,7,2,56,64.3,9,3,33,22,58.1,2,2,0,11,8,3,0
46.1,10,3,5,2,79.1,64.7,6,1,0,56.5,1,1,68,53.8,8,2,16,9,40,3,8,0,13,10,2,0
41.5,7,0,4,3,78.5,67.4,6,0,75,73.9,3,1,57,76.9,13,4,19,8,30,3,3,100,8,11,1,0
65.8,17,5,7,5,87.6,77,9,0,7.1,54.8,10,1,68,61.1,7,4,9,5,44.4,1,0,100,7,13,1,0
