57.1,14,9,3,2,86.5,74.8,12,4,33.3,72.2,1,4,68,72.2,13,0,13,7,48.6,0,3,100,13,6,2,0
55.4,30,10,8,12,90.3,82.6,22,3,25.8,52.9,13,3,67,46.7,10,0,10,4,60,0,0,100,14,4,1,0
73.8,18,5,4,9,88.9,76.1,17,4,60,77.8,5,4,56,75,8,1,16,7,51.6,3,6,66.7,13,7,3,0
53.5,15,6,8,1,89.5,79.1,15,4,7.7,50,8,1,60,46.7,10,4,19,9,50,0,1,0,10,6,1,0
68.6,25,8,6,11,88.5,82.1,16,4,17.4,69,16,0,65,60,7,1,7,2,63.3,0,0,0,7,8,1,0
68.7,28,11,13,4,90.1,84.1,21,8,43.5,81.8,5,2,58,66.7,6,1,5,5,73.3,0,4,0,5,9,2,0
62.8,19,8,7,4,91.1,82.6,16,3,30.8,58.8,2,5,65,46.7,8,1,19,13,40.7,2,6,100,8,4,2,0
76,18,2,6,10,88.8,80.8,13,2,22.2,52.6,9,1,56,50,11,2,5,3,42.3,0,0,0,11,14,5,0
71.3,21,10,8,3,87.2,83,20,6,27.6,72.7,8,2,55,54.5,6,2,13,8,61.8,0,2,100,10,8,1,0
63.1,26,10,8,8,87.8,82.1,21,2,43.5,83.3,13,1,55,46.2,9,4,18,7,65.4,3,5,100,10,5,1,1
75.3,26,4,9,13,87.9,86.3,15,4,21,70.6,17,3,61,88.9,3,0,5,4,42.9,0,2,100,11,9,3,0
55,18,3,7,8,83.8,74.6,11,2,16.1,82.6,13,5,58,66.7,10,2,24,10,51.9,0,2,0,5,10,2,0
