51.8,5,3,2,0,78.5,62.5,4,2,16.7,50,2,3,67,58.3,11,4,24,11,57.6,1,3,0,11,14,1,0
57.3,16,4,9,3,79.5,67.4,13,5,44,37.5,8,2,66,45,12,1,16,11,68.9,1,2,0,11,10,0,0
50.7,12,3,6,3,75.1,66.1,12,1,27.8,55,8,1,71,62.5,15,3,10,4,61.5,0,2,0,9,10,1,1
46.5,6,2,1,3,86.8,68.6,4,2,20,66.7,1,3,52,44.4,8,0,14,5,50,2,2,0,6,9,1,0
62.5,14,5,7,2,75.8,67.5,11,1,6.3,46.2,3,2,67,61.9,12,0,20,15,51.9,2,0,100,13,7,0,0
71.3,16,3,6,7,88.2,76.3,15,1,17.6,50,3,3,65,50,11,2,14,3,48.6,2,4,100,8,12,1,0
47.4,8,1,4,3,82.5,66.7,7,1,23.1,53.8,2,2,66,57.1,14,10,25,8,50,0,8,100,13,5,3,0
47.7,17,6,4,7,82,72.1,12,0,25,50,4,1,78,54.5,14,2,19,11,56.5,0,3,0,11,7,2,0
51.1,20,5,8,7,83.8,76.9,17,1,29.4,80,5,0,62,72.7,10,6,28,15,65.4,1,6,50,17,9,2,1
55.3,8,4,3,1,80.6,60.5,5,0,25,66.7,0,3,71,61.1,17,2,8,4,38.9,1,5,0,12,12,2,0
58.5,21,5,12,4,84,72.5,14,4,47.4,80,8,3,71,68.4,13,3,5,1,70,1,0,0,11,8,0,0
57.3,6,2,3,1,80.7,61.2,6,2,28.6,56.3,2,4,69,53.6,10,5,13,7,52,0,9,0,14,10,5,0
